PMID
8646822
8453848
23210726
11936570
1387301
8911886
14667956
17301736
18809731
16432272
14610241
8830063
12891223
12021638
3912187
6692646
1474166
17571477
11563412
14709940
15518608
16580903
19142106
1613128
11009047
12360109
17429316
12173784
11910262
8612379
11270914
9010634
8823236
8198928
20484617
18193210
21228405
1531484
18176327
12621382
23831870
11304903
17652181
15961986
17442686
16765147
21518375
15599502
10952477
11240973
10492058
20413454
9626922
9695720
12709722
9784084
11831544
8331208
17192770
16198653
9049584
17687273
21825288
11084219
16003291
18520949
16390352
19793910
11130217
21434975
15963095
9728898
10234598
16765141
10579479
11180037
9029748
16778714
6726654
18307373
10445377
12102620
17568401
22174437
8513845
15876900
11673748
9757151
1487561
11061579
8689812
9757147
9871431
11213852
12534645
10907965
8562300
7875191
19071883
15293079
16639344
11907488
8181191
12404553
8988072
15114429
7995001
9333110
8930024
15903129
12920410
14551182
10192752
20012601
21443601
11709322
11873000
19444001
8243504
6152055
15601809
9378846
8157044
16680561
6861848
12235455
10890312
11452243
7690693
14747427
15496643
11147928
2007317
18094219
11583471
9549635
16638740
12544511
16328318
16920892
11372588
17244765
16172184
19242403
12723462
9542477
11075313
8408732
10771449
10771448
17460607
17108811
21712498
9366029
8689810
17124578
9728893
3932079
8941024
17461702
16120067
12682802
12451430
8841155
11910267
3792426
21765368
9987702
12911366
19001559
10771458
16027406
19585395
8623953
9602962
9797793
10741630
19552747
3428348
18832427
10771455
18520598
11910256
8632299
8801057
